              precision    recall  f1-score   support

         dog     0.9583    0.9641    0.9612       501
       horse     0.9770    0.9375    0.9568       272
    elephant     0.9677    0.9804    0.9740       153
   butterfly     0.9727    0.9554    0.9640       224
     chicken     0.9527    0.9658    0.9592       292
         cat     0.9756    0.9412    0.9581       170
         cow     0.9179    0.9323    0.9251       192
       sheep     0.9318    0.9425    0.9371       174
      spider     0.9741    0.9804    0.9772       460
    squirrel     0.9617    0.9832    0.9724       179

    accuracy                         0.9606      2617
   macro avg     0.9590    0.9583    0.9585      2617
weighted avg     0.9608    0.9606    0.9606      2617
